6 <- 11 -> 19
4 <- 6 -> 8
. <- 4 -> 5
. <- 5 -> .
. <- 8 -> 10
. <- 10 -> .
17 <- 19 -> 43
. <- 17 -> .
31 <- 43 -> 49
. <- 31 -> .
. <- 49 -> .
4 5 6 8 10 11 17 19 31 43 49 