20 <- 10 -> 30
40 <- 20 -> 50
. <- 40 -> .
80 <- 50 -> 90
. <- 80 -> .
. <- 90 -> .
60 <- 30 -> 70
100 <- 60 -> .
. <- 100 -> .
110 <- 70 -> 120
. <- 110 -> .
. <- 120 -> .
Level: 0 -> 10 
Level: 1 -> 20 30 
Level: 2 -> 40 50 60 70 
Level: 3 -> 80 90 100 110 120 
3
