20 <- 10 -> 30
40 <- 20 -> 50
. <- 40 -> .
80 <- 50 -> 90
. <- 80 -> .
. <- 90 -> .
60 <- 30 -> 70
100 <- 60 -> .
. <- 100 -> .
110 <- 70 -> 120
. <- 110 -> .
. <- 120 -> .
40 20 80 50 90 10 100 60 30 110 70 120 
10 20 40 50 80 90 30 60 100 70 110 120 
