. <- 100[0,0] -> .



40[0,0] <- 100[1,1] -> .
. <- 40[0,0] -> .



20[0,0] <- 40[0,1] -> 100[0,0]
. <- 20[0,0] -> .
. <- 100[0,0] -> .



20[0,0] <- 40[-1,2] -> 100[1,1]
. <- 20[0,0] -> .
70[0,0] <- 100[1,1] -> .
. <- 70[0,0] -> .



20[-1,1] <- 40[0,2] -> 100[1,1]
. <- 20[-1,1] -> 30[0,0]
. <- 30[0,0] -> .
70[0,0] <- 100[1,1] -> .
. <- 70[0,0] -> .



20[-1,1] <- 40[0,2] -> 80[0,1]
. <- 20[-1,1] -> 30[0,0]
. <- 30[0,0] -> .
70[0,0] <- 80[0,1] -> 100[0,0]
. <- 70[0,0] -> .
. <- 100[0,0] -> .



20[0,1] <- 40[0,2] -> 80[0,1]
10[0,0] <- 20[0,1] -> 30[0,0]
. <- 10[0,0] -> .
. <- 30[0,0] -> .
70[0,0] <- 80[0,1] -> 100[0,0]
. <- 70[0,0] -> .
. <- 100[0,0] -> .



20[0,1] <- 40[-1,3] -> 80[1,2]
10[0,0] <- 20[0,1] -> 30[0,0]
. <- 10[0,0] -> .
. <- 30[0,0] -> .
70[1,1] <- 80[1,2] -> 100[0,0]
60[0,0] <- 70[1,1] -> .
. <- 60[0,0] -> .
. <- 100[0,0] -> .



20[0,1] <- 40[-1,3] -> 80[0,2]
10[0,0] <- 20[0,1] -> 30[0,0]
. <- 10[0,0] -> .
. <- 30[0,0] -> .
70[1,1] <- 80[0,2] -> 100[1,1]
60[0,0] <- 70[1,1] -> .
. <- 60[0,0] -> .
90[0,0] <- 100[1,1] -> .
. <- 90[0,0] -> .



20[0,1] <- 40[-1,3] -> 80[0,2]
10[0,0] <- 20[0,1] -> 30[0,0]
. <- 10[0,0] -> .
. <- 30[0,0] -> .
60[0,1] <- 80[0,2] -> 100[1,1]
50[0,0] <- 60[0,1] -> 70[0,0]
. <- 50[0,0] -> .
. <- 70[0,0] -> .
90[0,0] <- 100[1,1] -> .
. <- 90[0,0] -> .



20[0,1] <- 40[-1,3] -> 80[0,2]
10[0,0] <- 20[0,1] -> 30[0,0]
. <- 10[0,0] -> .
. <- 30[0,0] -> .
60[0,1] <- 80[0,2] -> 100[0,1]
50[0,0] <- 60[0,1] -> 70[0,0]
. <- 50[0,0] -> .
. <- 70[0,0] -> .
90[0,0] <- 100[0,1] -> 130[0,0]
. <- 90[0,0] -> .
. <- 130[0,0] -> .



40[0,2] <- 80[0,3] -> 100[-1,2]
20[0,1] <- 40[0,2] -> 60[0,1]
10[0,0] <- 20[0,1] -> 30[0,0]
. <- 10[0,0] -> .
. <- 30[0,0] -> .
50[0,0] <- 60[0,1] -> 70[0,0]
. <- 50[0,0] -> .
. <- 70[0,0] -> .
90[0,0] <- 100[-1,2] -> 130[1,1]
. <- 90[0,0] -> .
120[0,0] <- 130[1,1] -> .
. <- 120[0,0] -> .



40[0,2] <- 80[0,3] -> 100[-1,2]
20[0,1] <- 40[0,2] -> 60[0,1]
10[0,0] <- 20[0,1] -> 30[0,0]
. <- 10[0,0] -> .
. <- 30[0,0] -> .
50[0,0] <- 60[0,1] -> 70[0,0]
. <- 50[0,0] -> .
. <- 70[0,0] -> .
90[0,0] <- 100[-1,2] -> 120[0,1]
. <- 90[0,0] -> .
110[0,0] <- 120[0,1] -> 130[0,0]
. <- 110[0,0] -> .
. <- 130[0,0] -> .



40[0,2] <- 80[0,3] -> 100[-1,2]
20[0,1] <- 40[0,2] -> 60[0,1]
10[0,0] <- 20[0,1] -> 30[0,0]
. <- 10[0,0] -> .
. <- 30[0,0] -> .
50[0,0] <- 60[0,1] -> 70[0,0]
. <- 50[0,0] -> .
. <- 70[0,0] -> .
90[0,0] <- 100[-1,2] -> 120[0,1]
. <- 90[0,0] -> .
110[0,0] <- 120[0,1] -> 130[0,0]
. <- 110[0,0] -> .
. <- 130[0,0] -> .
