20<-10->50
30<-20->40
.<-30->.
.<-40->.
60<-50->100
70<-60->80
.<-70->.
90<-80->.
.<-90->.
.<-100->.
[10, 50, 100]
[20, 40, 60, 80]
[30, 70, 90]
