20 <- 10 -> 90
30 <- 20 -> 60
40 <- 30 -> 50
. <- 40 -> .
. <- 50 -> .
70 <- 60 -> .
. <- 70 -> 80
. <- 80 -> .
100 <- 90 -> 110
. <- 100 -> 120
. <- 120 -> .
130 <- 110 -> .
. <- 130 -> .
10 
20 
30 
40 
80 

10 
90 
110 
130 
80 

40 
30 
20 50 70 
10 60 100 80 
90 120 130 
110 

40 30 20 10 90 110 
40 30 70 80 130 110 
