20 <- 10 -> 90
30 <- 20 -> 60
40 <- 30 -> 50
. <- 40 -> .
. <- 50 -> .
70 <- 60 -> .
. <- 70 -> 80
. <- 80 -> .
100 <- 90 -> 110
. <- 100 -> 120
. <- 120 -> .
130 <- 110 -> .
. <- 130 -> .
40 30 50 20 70 80 60 10 100 120 90 130 110 